0.1014165
0.1030835
0.1049185
0.1067495
0.1085845
0.1104155
0.11225
0.1140815
0.1159165
0.1179185
0.1199175
0.1219165
0.1240835
0.12625
0.128417
0.1305835
0.1327505
0.134917
0.1372515
0.1395825
0.1419175
0.1444155
0.146918
0.1494165
0.1519155
0.1544175
0.1570845
0.1597505
0.1625815
0.1654155
0.16825
0.1710845
0.1739185
0.176917
0.1799155
0.1830815
0.1862515
0.1894175
0.1925835
0.1959175
0.199248
0.20275
0.206252
0.20975
0.213416
0.2170815
0.2209155
0.2247495
0.228583
0.2325845
0.2365825
0.240752
0.2449175
0.2490835
0.253417
0.2579185
0.2624155
0.2669175
0.2715825
0.2764155
0.281249
0.2860825
0.291083
0.2962485
0.3014175
0.3065825
0.3119155
0.3174165
0.3229165
0.3284175
0.3342505
0.3400825
0.3459155
0.3519165
0.3580845
0.364249
0.3705815
0.3770815
0.383582
0.390418
0.39725
0.404082
0.4112495
0.4184175
0.4255815
0.4330815
0.4405845
0.4484165
0.456252
0.4640835
0.4722505
0.4804185
0.4889175
0.4974165
0.5062515
0.5150825
0.5242485
0.5334155
0.542918
0.5524165
0.5622505
0.5720815
0.5822515
0.5924175
0.6029155
0.6134175
0.6242515
0.635085
0.6462505
0.657584
0.6690815
0.6809145
0.692748
0.7049165
0.7174175
0.7299185
0.742751
0.7559155
0.7690835
0.782584
0.796416
0.810416
0.8245835
0.8390835
0.8539155
0.8689185
0.8840855
0.8995845
0.9154155
0.9315825
0.9479165
0.9645835
0.9815815
0.9987515
1.01625
1.034085
1.052245
1.07075
1.08958
1.10875
1.12825
1.148085
1.16825
1.18875
1.20975
1.231085
1.252745
1.27475
1.297085
1.319915
1.343245
1.366915
1.390915
1.415415
1.440415
1.46575
1.491585
1.517915
1.544585
1.571915
1.599585
1.627915
1.656585
1.685915
1.71558
1.74592
1.776585
1.807915
1.839915
1.872245
1.90525
1.93892
1.97308
2.00792
2.04325
2.079245
2.115915
2.15325
2.191245
2.22992
2.269255
2.30925
2.35008
2.391585
2.433745
2.476585
2.520255
2.56475
2.609915
2.656085
2.70292
2.75075
2.799255
2.84875
2.89892
2.950085
3.00225
3.05525
3.109085
3.163915
3.21975
3.276585
3.33442
3.39325
3.453085
3.51408
3.576085
3.63908
3.703415
3.76875
3.83542
3.90308
3.97208
4.04208
4.11342
4.186085
4.260085
4.33525
4.41175
4.489585
4.568755
4.649415
4.73158
4.815085
4.900245
4.98675
5.074915
5.164415
5.255585
5.34842
5.442915
5.539085
5.636915
5.73642
5.837745
5.94075
6.045745
6.152415
6.261085
6.37175
6.48425
6.59875
6.715255
6.83375
6.954415
7.07725
7.20225
7.329415
7.458915
7.59075
7.724745
7.86108
7.999915
8.14125
8.28492
8.43125
8.580245
8.73175
8.885915
9.042915
9.20275
9.36525
9.530745
9.699085
9.870415
10.04475
10.2221
10.40275
10.5864
10.7734
10.96375
11.1574
11.3546
11.5551
11.75925
11.9671
12.1784
12.3936
12.6126
12.8354
13.0621
13.2929
13.52775
13.76675
14.0099
14.2574
14.5094
14.76575
15.02675
15.29225
15.5624
15.83725
16.1171
16.4019
16.69175
16.98675
17.2869
17.5924
17.90325
18.2196
18.5414
18.8691
19.2024
19.54175
19.8871
20.2386
20.5961
20.9601
21.3304
21.7074
22.0909
22.4814
22.8786
23.2829
23.69425
24.1129
24.5391
24.9726
25.4139
25.8629
26.3199
26.7851
27.2584
27.7401
28.23025
28.7291
29.23675
29.7534
30.2791
30.8141
31.3586
31.91275
32.47675
33.0506
33.63475
34.2291
34.8339
35.4494
36.0759
36.7136
37.3624
38.0226
38.6946
39.3784
40.07425
40.7824
41.5031
42.2366
42.9829
43.7426
44.5156
45.30225
46.10275
46.9174
47.7464
48.59025
49.4489
50.32275
51.2121
52.1171
53.0381
53.9754
54.92925
55.8999
56.88775
57.8931
58.9161
59.95725
61.0169
62.0951
63.1924
64.30925
65.44575
66.60225
67.77925
68.9771
70.1961
71.4366
72.6991
73.98375
75.29125
76.6219
77.9759
79.3541
80.7564
82.1836
83.6361
85.1141
86.61825
88.1491
89.7069
91.29225
92.9056
94.5474
96.2184
97.91875
99.64925
101.4105
103.2025
105.0265
106.8825
108.771
110.694
112.65
114.641
116.667
118.729
120.827
122.962
125.135
127.347
129.5975
131.888
134.219
136.591
139.005
141.462
143.962
146.506
149.095
151.73
154.411
157.1405
159.918
162.744
165.62
168.547
171.526
174.557
177.642
180.7815
183.977
187.228
190.537
193.904
197.331
200.818
204.3675
207.9795
211.655
215.396
219.202
223.076
227.019
231.031
235.114
239.269
243.498
247.801
252.181
256.638
261.173
265.789
270.486
275.267
280.1315
285.082
290.121
295.248
300.466
305.776
311.18
316.68
322.276
327.972
333.768
339.667
345.67
351.779
357.997
364.323
370.762
377.315
383.983
390.7695
397.676
404.704
411.856
419.135
426.543
434.081
441.753
449.56
457.505
465.591
473.82
482.1935
490.716
499.388
508.214
517.196
526.336
535.6385
545.105
554.739
564.543
574.521
584.674
595.0075
605.523
616.225
627.1155
638.199
649.478
660.956
672.638
684.526
696.624
708.935
721.464
734.215
747.191
760.397
773.836
787.512
801.43
815.594
830.0085
844.678
859.606
874.798
890.259
905.993
922.005
938.3
954.883
971.759
988.934
1006.41
1024.2
1042.3
1060.72
1079.47
1098.545
1117.96
1137.72
1157.83
1178.29
1199.11
1.015025
1.03166
1.05001
1.068355
1.086665
1.104975
1.12336
1.141675
1.159985
1.17997
1.2
1.22003
1.241695
1.26336
1.28499
1.30666
1.32833
1.34999
1.37334
1.39665
1.419995
1.44502
1.47
1.49499
1.520015
1.545
1.571665
1.59833
1.626675
1.65498
1.68336
1.711665
1.73997
1.76999
1.800015
1.831675
1.86334
1.895
1.92666
1.96
1.99334
2.02836
2.063305
2.098325
2.13502
2.17164
2.21002
2.24832
2.28669
2.32667
2.36665
2.408305
2.45
2.491695
2.53499
2.58001
2.62498
2.669995
2.716685
2.76498
2.81335
2.861645
2.911695
2.963345
3.014995
3.066645
3.119975
3.174985
3.22999
3.285
3.34333
3.40165
3.46002
3.519985
3.58167
3.64335
3.706675
3.77168
3.83668
3.905
3.973325
4.04168
4.11332
4.185
4.25668
4.331675
4.40667
4.48503
4.563305
4.64166
4.72333
4.805005
4.889995
4.974985
5.063335
5.151685
5.24331
5.33502
5.430005
5.52499
5.62333
5.721675
5.82334
5.925
6.02998
6.135
6.24334
6.35167
6.46333
6.57666
6.691675
6.81001
6.92834
7.05003
7.175
7.30001
7.42833
7.55998
7.69166
7.82666
7.96502
8.10502
8.24666
8.39166
8.539975
8.69001
8.84164
8.99667
9.15498
9.316645
9.47999
9.646695
9.816675
9.98834
10.16335
10.34165
10.5233
10.7083
10.8967
11.08835
11.28335
11.4816
11.6834
11.8884
12.0983
12.3116
12.5283
12.74835
12.9717
13.2
13.4333
13.67
13.91
14.155
14.405
14.65835
14.91665
15.18
15.44665
15.72
15.9966
16.28
16.56665
16.86
17.1567
17.46
17.76665
18.08
18.4
18.7233
19.05335
19.39
19.7317
20.08
20.4334
20.7933
21.16
21.53335
21.9133
22.3
22.6933
23.09335
23.5017
23.9166
24.3383
24.76665
25.2033
25.64835
26.1
26.5617
27.03
27.5083
27.9933
28.4883
28.99
29.5017
30.02335
30.55335
31.09165
31.64
32.19835
32.76665
33.345
33.93335
34.53165
35.1417
35.76165
36.3917
37.035
37.6883
38.355
39.0317
39.7217
40.4217
41.135
41.8617
42.60165
43.3534
44.1184
44.89665
45.6883
46.495
47.3167
48.1516
49.0033
49.8683
50.75
51.645
52.55665
53.485
54.43
55.39165
56.37
57.365
58.3783
59.40835
60.4583
61.525
62.61165
63.71835
64.84335
65.9883
67.1533
68.3383
69.545
70.7733
72.0233
73.295
74.59
75.90835
77.2483
78.6117
80
81.41335
82.85
84.31335
85.8033
87.31835
88.86
90.43
92.0284
93.65335
95.3083
96.9917
98.705
100.448
102.222
104.028
105.865
107.735
109.638
111.575
113.547
115.552
117.593
119.672
121.785
123.937
126.127
128.355
130.622
132.93
135.278
137.668
140.1
142.575
145.095
147.658
150.268
152.923
155.625
158.373
161.172
164.02
166.918
169.868
172.87
175.925
179.033
182.197
185.415
188.692
192.025
195.418
198.872
202.387
205.962
209.602
213.305
217.075
220.91
224.815
228.787
232.83
236.943
241.13
245.392
249.727
254.14
258.63
263.2
267.852
272.585
277.402
282.303
287.292
292.368
297.535
302.792
308.142
313.587
319.128
324.768
330.507
336.348
342.292
348.34
354.495
360.76
367.137
373.625
380.227
386.947
393.785
400.743
407.825
415.032
422.367
429.83
437.427
445.157
453.023
461.028
469.175
477.465
485.903
494.49
503.228
512.122
521.172
530.382
539.755
549.293
559
568.878
578.932
589.162
599.573
610.17
620.952
631.925
643.093
654.458
666.023
677.793
689.772
701.962
714.367
726.992
739.838
752.913
766.22
779.76
793.542
807.565
821.837
836.362
851.142
866.183
881.492
897.07
912.923
929.057
945.475
962.185
979.188
996.493
1014.105
1032.03
1050.265
1068.825
1087.71
1106.94
1126.5
1146.41
1166.67
1187.29
1208.27
1229.62
1251.355
1273.47
1295.98
1318.88
1342.19
1365.91
1390.05
1414.62
1439.62
1465.06
1490.95
1517.3
1544.11
1571.41
1599.18
1627.44
1656.2
1685.47
1715.26
1745.57
1776.42
1807.82
1839.77
1872.28
1905.37
1939.04
1973.31
2008.185
2043.68
2079.795
2116.55
2153.96
2192.02
2230.76
2270.19
2310.31
2351.14
2392.69
2434.98
2478.01
2521.81
2566.38
2611.73
2657.89
2704.86
2752.67
2801.32
2850.82
2901.21
2952.48
3004.66
3057.76
3111.8
3166.8
3222.77
3279.72
3337.685
3396.67
3456.7
3517.8
3579.97
3643.24
3707.62
3773.15
3839.83
3907.7
3976.76
4047.04
4118.57
4191.35
4265.43
4340.81
4417.53
4495.6
4575.05
4655.91
4738.2
4821.94
4907.16
4993.88
5082.14
5171.96
5263.36
5356.39
5451.05
5547.39
5645.43
5745.21
5846.74
5950.08
6055.23
6162.25
6271.16
6381.99
6494.78
6609.565
6726.38
6845.26
6966.24
7089.35
7214.645
7342.15
7471.92
7603.97
7738.36
7875.12
8014.3
8155.94
8300.09
8446.78
8596.06
8747.99
8902.59
9059.93
9220.05
9383
9548.83
9717.595
9889.34
10064.1
10242
10423
10607.2
10794.7
10985.45
11179.6
11377.2
11578.3
11782.9
11991.1
3.21227327
3.26511493
3.323016234
3.381044029
3.438945333
3.496973128
3.554874432
3.612902227
3.670930022
3.734143952
3.79732626
3.86054019
3.929066747
3.997593304
4.066119861
4.134614795
4.203141352
4.271667909
4.345475469
4.419314653
4.493153836
4.572147532
4.651172851
4.730293038
4.809318357
4.888343675
4.972649998
5.056972132
5.146606892
5.236225841
5.325749921
5.41536887
5.504987819
5.599824526
5.694756102
5.794873812
5.894991523
5.995125045
6.095353436
6.200688904
6.306119242
6.416735714
6.527478678
6.638221641
6.754134929
6.870048217
6.991289942
7.112531668
7.233646902
7.360185443
7.486723983
7.618464471
7.750173335
7.881913822
8.018966936
8.161301054
8.303635171
8.446000911
8.593521164
8.746354044
8.899202734
9.052051425
9.21007044
9.373528572
9.536986704
9.700318345
9.868962613
10.04291951
10.21684478
10.39067518
10.57513084
10.75969717
10.94413702
11.1339053
11.32882809
11.52389319
11.72414443
11.92969247
12.13525633
12.35131895
12.56749225
12.78353906
13.01019532
13.23674089
13.46339714
13.70056796
13.93773879
14.18537675
14.43317283
14.68093728
14.93908982
15.19736885
15.46625732
15.7350193
16.01428004
16.29366727
16.58353745
16.87340763
17.17379239
17.47427201
17.78515553
18.09613391
18.41761106
18.7390882
19.0711906
19.40316651
19.74576767
20.08836884
20.44156363
20.79984969
21.16354324
21.53773556
21.91194368
22.29665057
22.69193528
23.08725161
23.4930667
23.90947542
24.32588415
24.75269676
25.19010301
25.63293256
26.08085338
26.53947851
27.00850753
27.48281756
27.96244021
28.45257744
28.95330829
29.46455372
29.98108015
30.50801048
31.04566093
31.58849751
32.14186448
32.7058567
33.28044255
33.86546392
34.4609208
35.06697132
35.68361546
36.31085323
36.94852652
37.59679344
38.26102987
38.93554369
39.62080926
40.31635223
41.02264695
41.74475305
42.48267054
43.23102355
43.98997019
44.76472822
45.55529763
46.35630256
47.173277
48.00606282
48.84928416
49.71369275
50.58853687
51.48456824
52.39103513
53.31868929
54.25693707
55.21589777
56.18576833
57.17666803
58.18859688
59.21096125
60.25451288
61.31909365
62.39980204
63.50106524
64.61845605
65.75703412
66.91648323
68.09696148
69.2987851
70.52147976
71.76520356
73.03011463
74.32143071
75.63377594
76.96730843
78.32171195
79.70252049
81.10973405
82.53813487
83.99800035
85.47889498
86.99172861
88.52543327
90.09076072
91.67695919
93.29509667
94.94469881
96.62070597
98.32311815
100.056995
101.8226527
103.6199332
105.4486784
107.3092045
109.2013533
111.1303427
113.0909548
115.0831897
117.1176411
119.1835571
121.2916895
123.4317609
125.6135744
127.8273268
130.0828214
132.3808485
134.720934
137.09786
139.5170024
141.9783612
144.4817784
147.0327877
149.6310732
152.271575
154.9647288
157.7002571
160.4882792
163.3185177
166.2014081
169.1369505
172.125461
175.1664653
178.2602796
181.4067459
184.6110819
187.8682279
191.1887775
194.561821
197.99811
201.4976446
205.0552069
208.676173
212.3600683
216.1075255
219.9232878
223.8076716
227.7605187
231.781829
235.8769786
240.0458092
244.2834194
248.5945526
252.9849007
257.4541478
261.9973921
266.624753
271.3367048
276.1273973
281.0025227
285.9674567
291.0217251
296.1604263
301.394154
306.717216
312.1353044
317.6476287
323.2559281
328.9685827
334.7776868
340.691146
346.7089604
352.8342922
359.0687226
365.4090893
371.8648792
378.4376733
385.1211471
391.9247875
398.8501756
405.8973113
413.0646137
420.3647316
427.7897596
435.3476032
443.0382625
450.8648997
458.8338394
466.938757
475.1923017
483.5881489
492.1326231
500.8225622
509.6721962
518.6799441
527.8442248
537.1729439
546.6661014
556.3268596
566.1552186
576.159084
586.3368746
596.6980774
607.23953
617.9691381
628.890064
640.0054699
651.3106126
662.8213033
674.5327986
686.4545854
698.5819202
710.9306144
723.4896002
736.2762699
749.2827179
762.5231745
775.9992207
789.7076944
803.6644068
817.8630335
832.3146424
847.023977
861.9926183
877.2237286
892.7236326
908.4986547
924.5519572
940.8914459
957.5139584
974.4321439
991.6507458
1009.174507
1027.009753
1045.156484
1063.628929
1082.423926
1101.550962
1121.014781
1140.826451
1160.990714
1181.509153
1202.384929
1223.635435
1245.260671
1267.263799
1289.659049
1312.448003
1335.64331
1359.244969
1383.267211
1407.711618
1432.587675
1457.901707
1483.664783
1509.880065
1536.563364
1563.717842
1591.349825
1619.473541
1648.092154
1677.216731
1706.858341
1737.020145
1767.716374
1798.953353
1830.745311
1863.095412
1896.019466
1929.530122
1963.624219
1998.325473
2033.64179
2069.581075
2106.152816
2143.372824
2181.252167
2219.800332
2259.028386
2298.952142
2339.576342
2380.923122
2423.003551
2465.820791
2509.40172
2553.747921
2598.878367
2644.81045
2691.548913
2739.114313
2787.52404
2836.787583
2886.919171
2937.937777
2989.857633
3042.699293
3096.4675
3151.190715
3206.881587
3263.565414
3321.229547
3379.92142
3439.672657
3500.451633
3562.305784
3625.266732
3689.334478
3754.540643
3820.885228
3888.415668
3957.147773
4027.065732
4098.232791
4170.66476
4244.377453
4319.386679
4395.724062
4473.421224
4552.478165
4632.926509
4714.797877
4798.123894
4882.920369
4969.218927
5057.051189
5146.417155
5237.364261
5329.924128
5424.128379
5519.977015
5617.533281
5716.8288
5817.863571
5920.669218
6025.308985
6131.798686
6240.15413
6350.438563
6462.683609
6576.889266
6693.118782
6811.419589
6931.791688
7054.298325
7178.971121
7305.841701
7434.957498
7566.365946
7700.082857
7836.171476
7974.663426
8115.606142
8259.015433
8404.98617
8553.534163
8704.706847
8858.551655
9015.100211
9174.43157
9336.561546
9501.569194
9669.486138
9840.375623
10014.30089
10191.27776
10371.38529
10554.68671
10741.22947
10931.061
11124.24454
11320.85916
11520.92065
11724.53971
11931.74795
12142.62444
12357.23241
12575.61931
12797.86418
13024.0619
13254.22828
13488.474
13726.8623
13969.45643
14216.33545
14467.61003
14723.28018
14983.50401
15248.31314
15517.80244
15792.05097
16071.13779
16355.17357
16644.23737
16938.39244
17237.73364
17542.38747
17852.41717
18167.94924
18489.01529
18815.80506
19148.31856
19486.74551
19831.14917
20181.6244
20538.2977
20901.29555
21270.68121
21646.61278
22029.18513
22418.49313
22814.72652
23217.91692
23628.28569
24045.86446
24470.84295
24903.31605
25343.44185
25791.34686
26247.18918
26711.06369
27183.1285
27663.57335
28152.46147
28650.01424
29156.35814
29671.65129
30196.05179
30729.74939
31272.83896
31825.4786
32388.0478
32960.42005
33542.9116
34135.83866
34739.04312
35352.99933
35977.8654
36613.79943
37260.80144
37919.18765
25.51699831
25.93472503
26.39565619
26.85658735
27.31651375
27.77744491
28.23825048
28.69830248
29.15910805
29.66110855
30.16323465
30.6663655
31.21069129
31.75489148
32.29909168
32.84341747
33.38774326
33.93194345
34.51733859
35.10386407
35.6893848
36.31785878
36.9455792
37.57304843
38.2017736
38.82936843
39.49916295
40.16883187
40.88095167
41.59282029
42.3046889
43.01580395
43.72767257
44.48174087
45.23505561
46.03031886
46.8255821
47.62084535
48.41623418
49.25369712
50.09116006
50.97082269
51.84948056
52.72826403
53.64987516
54.57073272
55.53378998
56.49684724
57.4597789
58.4640311
59.46916245
60.51561434
61.56181504
62.60927168
63.69767207
64.82751859
65.95811867
67.08796519
68.26076496
69.47475968
70.68875439
71.9028747
73.1590691
74.45658404
75.75397338
77.05236748
78.39195651
79.77361964
81.15440361
82.53606674
84.00225485
85.46718702
86.93237038
88.43975342
89.98808022
91.53753737
93.12818945
94.76091563
96.3937674
98.10988821
99.82613462
101.5431346
103.34265
105.1430446
106.9435648
108.8274796
110.7112689
112.6794575
114.6466413
116.6138252
118.6652829
120.7169917
122.851844
124.987701
127.2059479
129.4251996
131.7275947
134.030241
136.4162819
138.8020716
141.2723863
143.742701
146.2962848
148.8498685
151.4878517
154.12483
156.8462078
159.56746
162.3721068
165.2190788
168.1079994
171.0803146
174.0526299
177.1093445
180.2484489
183.3885582
186.612062
189.9197141
193.226487
196.6176592
200.0929797
203.6096207
207.1674567
210.8095664
214.5360755
218.3037796
222.1135577
226.0067305
229.9843027
234.0452694
238.1473056
242.3347459
246.6044504
250.9163547
255.3119047
259.7905982
264.3559518
269.0016858
273.7340798
278.5468542
283.4450328
288.4273595
293.4925785
298.6419457
303.9169072
309.2760169
314.7192748
320.244169
325.8532114
331.59036
337.451847
343.3962262
349.4247537
355.5788754
361.8585915
368.2211998
374.7119144
381.3257113
388.0236565
394.8898981
401.8390319
408.9564621
416.1567845
423.5254034
430.9781704
438.596722
446.2981658
454.1704179
462.2071985
470.3306392
478.6186085
487.0748742
495.659246
504.4068905
513.2826412
522.3266883
531.5365199
540.913392
550.4598164
560.1707693
570.0512746
580.0988203
590.3548526
600.7804373
611.3730623
622.1314719
633.099624
644.2775186
655.6237097
667.2185774
678.9829975
690.9986063
703.1812555
715.6150933
728.2172275
741.0680385
754.17255
767.4855481
781.0082887
794.782218
808.8060799
823.0811305
837.6086257
852.3873095
867.417182
882.7409451
898.3133851
914.1395255
930.2984909
946.7099009
963.4541359
980.4533273
997.7853437
1015.368549
1033.284579
1051.537201
1070.126417
1089.007011
1108.222943
1127.774211
1147.65956
1167.922947
1188.561862
1209.536114
1230.929851
1252.656412
1274.803715
1297.285099
1320.185967
1343.502553
1367.241136
1391.396692
1415.971732
1440.963747
1466.419204
1492.290378
1518.666441
1545.458222
1572.754892
1600.552683
1628.812661
1657.572505
1686.835982
1716.601836
1746.91277
1777.766271
1809.164851
1841.108511
1873.63744
1906.751639
1940.412173
1974.657977
2009.530496
2045.030987
2081.118004
2117.875694
2155.304057
2193.357881
2232.083634
2271.520251
2311.667732
2352.485886
2394.058863
2436.340191
2479.378853
2523.164802
2567.713107
2613.090336
2659.23369
2706.205966
2754.007165
2802.662405
2852.184246
2902.547569
2953.82773
3006.03729
3059.126009
3113.169246
3168.179559
3224.156948
3281.088854
3339.075752
3398.054846
3458.088931
3519.178009
3581.347199
3644.646737
3709.026386
3774.586622
3841.277207
3909.148378
3978.175017
4048.470159
4120.021244
4192.815713
4266.916362
4342.323193
4419.061323
4497.130754
4576.594281
4657.439346
4739.741305
4823.475039
4908.703346
4995.451344
5083.744152
5173.544091
5264.976758
5358.004472
5452.70259
5549.033435
5647.1226
5746.882169
5848.450297
5951.764186
6056.936871
6163.980911
6272.871188
6383.733296
6496.516997
6611.310207
6728.150604
6847.050748
6968.035758
7091.155872
7216.461326
7343.977241
7473.766413
7605.803723
7740.189647
7876.961863
8016.15805
8157.828445
8301.973048
8448.704894
8597.998864
8749.930314
8904.536924
9061.906609
9222.077047
9385.060799
9550.882981
9719.68175
9891.457103
10066.23416
10244.12596
10425.14505
10609.39192
10796.86657
10987.68202
11181.85084
11379.44839
11580.5249
11785.16828
11993.40367
12205.35665
12421.05233
12640.54097
12863.93559
13091.26131
13322.60605
13558.05773
13797.64146
14041.47027
14289.59441
14542.12692
14799.0929
15060.61795
15326.80256
15597.62159
15873.26345
16153.79093
16439.26682
16729.76649
17025.41552
17326.30184
17632.50079
17944.1003
18261.22597
18583.91546
18912.34461
19246.60133
19586.71076
19932.88639
20285.14078
20643.62465
21008.47616
21379.73297
21757.55837
22142.0905
22533.40473
22931.61409
23336.86928
23749.28336
24169.01958
24596.11563
25030.79758
25473.1659
25923.42154
26381.46403
26847.67015
27322.29109
27805.07566
28296.40065
28796.51724
29305.42543
29823.37641
30350.37019
30886.78353
31432.74205
31988.12014
32553.42018
33128.76777
33714.2885
34310.10796
34916.47734
35533.64784
36161.61945
36800.64335
37450.97075
38112.85283
38786.41517
39471.90898
40169.58544
40879.44454
41601.86308
42337.09224
43085.38321
43846.73598
44621.65295
45410.38529
46212.933
47029.54728
47860.7305
48706.48266
49567.30614
50443.32653
51334.92062
52242.214
53165.33227
54105.02898
55061.05296
56034.15776
57024.59458
58032.36342
59057.96665
60101.78105
61163.93223
62244.79696
63345.00322
64464.551
65603.6915
66763.17827
67943.01133
69143.94423
70365.97698
71609.36077
72875.10034
74162.94451
75473.64685
76807.45855
78164.88198
79546.41951
80952.32235
82382.84167
83838.98224
85320.49285
86828.50387
88363.14089
89924.78068
91514.05123
93131.20371
94777.24289
96452.16876
98156.98608
99891.69485
101657.0486
103453.801
105281.9519
107142.7574
109036.343
110963.3367
112924.3664
114920.1858
116951.1716
119018.2029
121121.6566
123262.2862
125440.7197
127657.5851
129913.7615
132209.7513
134546.4336
136924.3109
139344.1367
141806.7902
144313.1505
146863.4687
149459.2522
152100.5008
154788.7216
157524.4171
160308.3409
163141.4976
166024.7664
168959.0266
171945.1571
174984.0373
178076.5463
181223.8144
184426.5952
187686.1447
191003.0907
194378.8149
197814.0707
201310.1143
204868.0758
208488.8345
212173.5207
215923.3904
219739.5738
223623.0759
227575.278
231597.1849
235690.4295
239855.8907
244095.0759
248408.9896
252798.7624
257267.4083
261813.9228
266440.8176
271150.6046
275943.2839
280818.8555
285782.3431
290833.7467
295973.0663
301202.8139
180.4989167
183.4570845
186.7193381
189.9824808
193.2385104
196.49454
199.7647958
203.0208254
206.276855
209.8387487
213.3935292
216.9545337
220.8071761
224.6607075
228.5133499
232.3668814
236.2195237
240.0730552
244.2182245
248.3625047
252.5138979
256.9640422
261.4070733
265.8501044
270.3002486
274.7441689
279.4850618
284.2277329
289.2673768
294.3007967
299.3475536
304.3809735
309.4215065
314.7599013
320.0920721
325.7221047
331.3530265
336.9830591
342.6139808
348.5427644
354.4715479
360.6990824
366.9195038
373.1399252
379.6653215
386.1782698
393.002417
399.8132272
406.6373744
413.7469355
420.8556074
428.2701434
435.6784555
443.0921023
450.7982761
458.7960878
466.7938994
474.7988242
483.1016108
491.6898112
500.2913487
508.8795491
517.7798375
526.9646507
536.1494638
545.334277
554.8178411
564.6001561
574.3824712
584.1638971
594.5428248
604.9084155
615.2873433
625.9507958
636.9192232
647.8894289
659.1494941
670.7091994
682.2680156
694.4181096
706.5673145
718.7236326
731.4632263
744.2099331
756.9557508
770.2919572
783.6290528
797.5627611
811.4893563
825.4159515
839.9400486
854.4632565
869.5768532
884.6904499
900.4015485
916.1126471
932.4070213
948.7147327
965.6057197
982.4967066
999.9851955
1017.472795
1035.550784
1053.629661
1072.298039
1090.97264
1110.238519
1129.504398
1149.359777
1169.513906
1189.966787
1211.009167
1232.051548
1253.69143
1275.914588
1298.143969
1320.964629
1344.374788
1367.792061
1391.798833
1416.403107
1441.299018
1466.492792
1492.27073
1518.645281
1545.324807
1572.295971
1599.858413
1628.010354
1656.758908
1685.807102
1715.45102
1745.679103
1776.205047
1807.327604
1839.034326
1871.336772
1904.234941
1937.737725
1971.809558
2006.494898
2041.758179
2077.626075
2114.089694
2151.415779
2189.346478
2227.881793
2267.012832
2306.721811
2347.328821
2388.81608
2430.907954
2473.586659
2517.154505
2561.61149
2606.67309
2652.606048
2699.428144
2746.845965
2795.455233
2844.651332
2895.03888
2946.013259
2998.179085
3050.940635
3104.87585
3159.406788
3215.129173
3272.034114
3329.525888
3388.218
3448.083776
3508.847584
3570.785055
3633.620558
3697.629726
3762.839232
3829.240185
3896.79702
3965.563084
4035.502814
4106.642881
4179.258921
4253.048625
4328.029777
4404.202375
4481.850946
4560.993271
4641.30926
4723.412421
4806.689245
4891.74435
4977.990901
5066.015732
5155.23201
5246.217676
5338.990513
5433.239321
5528.964102
5626.476053
5725.757393
5826.825903
5929.672693
6034.28887
6140.683328
6249.176154
6359.420586
6471.461081
6585.857795
6702.04168
6820.590677
6940.926845
7063.628124
7188.107683
7314.952353
7444.171027
7575.763703
7709.436966
7845.475341
7983.878827
8124.656317
8268.110117
8414.231336
8562.708775
8714.155941
8867.97711
9024.768006
9183.924013
9346.049747
9511.127425
9679.174829
9850.183068
10024.16103
10201.09984
10381.29289
10564.46456
10751.17501
10940.86407
11134.1008
11330.90298
11530.95942
11734.56352
11941.73307
12152.45918
12367.04416
12585.47022
12807.75514
13033.89894
13264.18612
13498.63448
13736.90614
13979.35675
14226.23528
14477.5684
14733.04491
14993.27832
15258.22417
15527.64239
15801.79084
16080.9807
16365.22089
16654.1824
16948.47875
17247.83431
17552.50692
17862.46102
18177.92779
18499.08505
18825.75497
19158.29322
19496.6998
19841.15252
20191.82922
20548.37424
20911.32107
21281.02536
21656.7758
22039.46152
22428.90471
22825.10537
23228.24131
23638.6682
24056.2082
24481.21698
24913.69453
25353.81869
25801.9451
26257.71811
26721.84904
27193.98222
27674.47332
28163.1445
28660.88491
29167.33888
29682.68426
30207.27668
30741.11616
31284.38052
31837.06976
32399.71737
32971.96768
33554.70984
34147.41037
34750.78058
35364.99828
35990.0635
36625.79839
37273.09209
37931.58896
38602.00029
39283.97045
39978.38856
40684.72114
41403.6795
42135.08583
42879.65141
43637.5541
44408.43822
45193.19293
45991.64038
46804.31407
47631.56965
48473.2293
49329.82649
50201.36123
51088.54483
51991.19946
52910.03643
53844.87791
54796.2574
55764.53054
56749.87516
57752.82474
58773.3793
59812.0723
60869.08158
61944.58497
63039.11595
64153.208
65287.21678
66440.96446
67614.98452
68809.98829
70025.97575
71263.30256
72522.68004
73804.28601
75108.65396
76435.78388
77786.74275
79161.35273
80560.14732
81983.65999
83432.42422
84906.61785
86407.13002
87934.13855
89487.9991
91069.6008
92678.94367
94316.73901
95983.5203
97679.6432
99405.81902
101162.4034
102950.2855
104769.4654
106620.8321
108505.2748
110422.6156
112373.9216
114359.9041
116380.9186
118437.4988
120530.5336
122660.7345
124828.4571
127034.4127
129279.4905
131563.8682
133888.9685
136255.325
138663.1153
141113.94
143607.6212
146145.5816
148728.5324
151356.8294
154031.5394
156753.9074
159524.111
162343.2174
165212.2934
168131.8725
171103.3774
174126.9859
177204.2984
180335.315
183523.77
186765.5733
190066.0599
193426.1188
196844.861
200323.1755
203863.7298
207466.5239
211133.3361
214864.1663
218660.7928
222526.7723
226458.548
230460.5658
234533.7148
238678.8841
242896.9629
247189.7294
251558.9619
256004.6604
260528.6032
265132.5686
269818.3349
274585.902
279439.7156
284378.8867
289404.3043
294518.6359
299723.6597
305021.1541
310411.119
315897.111
321480.9083
327162.511
332943.6974
338828.024
344815.4907
350909.6543
357110.5146
363423.4065
369845.6626
376381.7285
383034.2718
389802.4032
396691.4577
403703.2134
410837.6704
418098.3852
425487.1362
433007.4798
440659.4161
448448.2799
456374.0712
464438.5684
472647.1061
480999.6845
489501.6384
498152.9677
506955.4508
515916.2007
525033.4393
534312.5012
543755.1649
553364.9868
563145.5236
573096.7751
583225.8547
593532.7621
604022.8324
614697.8437
625561.3526
636618.694
647868.0895
659318.4306
670971.4956
682829.0627
694898.2451
707179.0427
719676.7904
732395.9338
745339.1405
758512.6344
771917.3046
785560.2642
799443.2916
813571.7215
827950.8888
842584.3501
857475.6618
872630.159
888051.398
903746.4921
919718.9978
935973.3607
952515.8049
969348.9978
986480.9416
1003915.193
1021658.865
1039713.736
1058090.475
1076789.083
1095820.229
1115187.471
1134896.141
1154953.355
1175365.335
1196138.306
1217278.491
1238792.116
1260684.514
1282965.465
1305639.417
1328715.26
1352198.329
1376096.626
1400416.375
1425166.468
1450354.017
1475987.915
1502073.496
1528619.651
1555636.16
1583129.249
1611108.698
1639582.507
1668559.57
1698048.778
1728060.799
1758600.97
1789678.181
1821313.772
1853500.629
1886256.536
1919599.275
1953519.955
1988045.249
2023184.05
2058945.249
2095328.846
2132352.623
1015.825
1032.495
1050.845
1069.155
1087.5
1105.845
1124.16
1142.47
1160.855
1180.845
1200.835
1220.825
1242.495
1264.155
1285.825
1307.495
1329.165
1350.825
1374.175
1397.525
1420.83
1445.815
1470.84
1495.825
1520.815
1545.835
1572.5
1599.165
1627.475
1655.855
1684.155
1712.5
1740.845
1770.825
1800.815
1832.475
1864.175
1895.835
1927.495
1960.835
1994.14
2029.155
2064.175
2099.195
2135.815
2172.515
2210.815
2249.19
2287.49
2327.505
2367.525
2409.175
2450.835
2492.495
2535.825
2580.84
2625.855
2670.83
2717.485
2765.855
2814.145
2862.515
2912.49
2964.145
3015.83
3067.515
3120.845
3175.855
3230.825
3285.835
3344.165
3402.525
3460.815
3520.855
3582.505
3644.145
3707.475
3772.475
3837.475
3905.835
3974.195
4042.475
4114.195
4185.835
4257.475
4332.475
4407.47
4485.825
4564.175
4642.495
4724.165
4805.835
4890.83
4975.86
5064.17
5152.48
5244.185
5335.815
5430.835
5525.865
5624.165
5722.475
5824.175
5925.835
6030.855
6135.835
6244.17
6352.505
6464.165
6577.495
6692.475
6810.805
6929.135
7050.825
7175.835
7300.845
7429.165
7560.855
7692.495
7827.495
7965.815
8105.815
8247.495
8392.495
8540.845
8690.845
8842.515
8997.505
9155.855
9317.515
9480.825
9647.49
9817.475
9989.175
10164.15
10342.55
10524.2
10709.2
10897.5
11089.15
11284.15
11482.5
11684.15
11889.15
12099.2
12312.5
12529.2
12749.15
12972.5
13200.8
13434.2
13670.85
13910.85
14155.85
14405.85
14659.15
14917.5
15180.85
15447.5
15720.85
15997.5
16280.85
16567.5
16860.85
17157.5
17460.85
17767.5
18080.85
18400.85
18724.2
19054.15
19390.85
19732.5
20080.85
20434.15
20794.2
21160.85
21534.15
21914.2
22300.85
22694.15
23094.15
23502.45
23917.5
24339.2
24767.5
25204.15
25649.15
26100.8
26562.5
27030.85
27509.15
27994.15
28489.2
28990.85
29502.5
30024.15
30554.15
31092.5
31640.8
32199.15
32767.5
33345.85
33934.15
34532.5
35142.5
35762.55
36392.5
37035.85
37689.2
38355.85
39032.5
39722.5
40422.5
41135.85
41862.5
42602.5
43354.15
44119.15
44897.5
45689.15
46495.85
47317.45
48152.5
49004.2
49869.15
50750.85
51645.85
52557.5
53485.85
54430.8
55392.5
56370.8
57365.85
58379.2
59409.15
60459.2
61525.85
62612.5
63719.15
64844.15
65989.2
67154.15
68339.15
69545.85
70774.15
72024.15
73295.85
74590.8
75909.15
77249.2
78612.5
80000.8
81414.15
82850.85
84314.15
85804.2
87319.15
88860.8
90430.85
92029.15
93654.15
95309.2
96992.5
98705.85
100449
102222.5
104029
105866
107736
109639
111576
113547.5
115552.5
117594
119672.5
121786
123937.5
126127.5
128356
130622.5
132931
135279
137669
140101
142576
145096
147659
150269
152924
155626
158374
161172.5
164021
166919
169869
172871
175926
179034
182197.5
185416
188692.5
192026
195419
198872.5
202387.5
205962.5
209602.5
213306
217076
220911
224816
228787.5
232831
236944
241131
245392.5
249727.5
254141
258631
263201
267852.5
272586
277402.5
282304
287292.5
292369
297536
302792.5
308142.5
313587.5
319129
324769
330507.5
336349
342292.5
348341
354496
360761
367137.5
373626
380227.5
386947.5
393786
400744
407826
415032.5
422367.5
429831
437427.5
445157.5
453024
461029
469176
477466
485904
494491
503229
512122.5
521172.5
530382.5
539756
549294
559001
568879
578932.5
589162.5
599574
610171
620952.5
631926
643094
654459
666024
677794
689772.5
701962.5
714367.5
726992.5
739839
752914
766221
779761
793542.5
807566
821837.5
836362.5
851142.5
866184
881492.5
897071
912924
929057.5
945476
962186
979189
996494
1014110
1032030
1050270
1068830
1087715
1106940
1126500
1146410
1166670
1187290
1208270
1229625
1251355
1273470
1295980
1318880
1342190
1365910
1390050
1414620
1439620
1465060
1490950
1517300
1544115
1571410
1599180
1627440
1656200
1685470
1715260
1745570
1776420
1807820
1839770
1872280
1905370
1939040
1973310
2008190
2043680
2079795
2116550
2153960
2192020
2230760
2270190
2310310
2351140
2392695
2434980
2478010
2521810
2566380
2611730
2657890
2704860
2752670
2801320
2850820
2901210
2952480
3004660
3057760
3111800
3166800
3222765
3279720
3337685
3396670
3456705
3517800
3579970
3643240
3707620
3773150
3839830
3907700
3976760
4047040
4118570
4191350
4265430
4340810
4417530
4495600
4575055
4655910
4738200
4821940
4907160
4993880
5082140
5171960
5263365
5356390
5451050
5547390
5645430
5745210
5846740
5950080
6055230
6162250
6271160
6381990
6494780
6609565
6726380
6845260
6966240
7089350
7214645
7342155
7471920
7603970
7738360
7875120
8014300
8155940
8300090
8446780
8596065
8747990
8902590
9059930
9220050
9383005
9548835
9717595
9889340
10064100
10242000
10423000
10607200
10794700
10985450
11179600
11377200
11578300
11782900
11991100
4047.531717
4113.744901
4186.646286
4259.858195
4332.735694
4405.637079
4478.848987
4551.726486
4624.627871
4704.217457
4783.783156
4863.659378
4949.937164
5036.191064
5122.444964
5208.698863
5294.976649
5381.230549
5473.862125
5566.804225
5659.746325
5759.376626
5858.696403
5958.326703
6057.933117
6157.252894
6263.571395
6369.579372
6482.562187
6595.234479
6708.24118
6820.913472
6933.60965
7053.280665
7172.641157
7298.689849
7424.738542
7550.787234
7676.835926
7809.572819
7942.285825
8081.710919
8220.825488
8360.226695
8506.316102
8652.118873
8804.89648
8957.363565
9110.141172
9269.296457
9428.451742
9594.295227
9760.138712
9926.268834
10098.77663
10277.686
10456.882
10636.07799
10821.9622
11014.22407
11206.79647
11399.05835
11598.31895
11803.93334
12009.57162
12215.18601
12427.4886
12646.4794
12865.47019
13084.46098
13316.82817
13548.88484
13781.22815
14019.97302
14265.3822
14511.10191
14763.1993
15021.98488
15280.74658
15552.59804
15824.73614
16096.87424
16382.07822
16667.2822
16952.7967
17251.37708
17549.93357
17861.86646
18173.48883
18485.42172
18810.42049
19135.7059
19474.08107
19812.43235
20164.16004
20515.86384
20880.6574
21245.7376
21623.88368
22002.02975
22393.55223
22785.05082
23189.61529
23594.49028
24012.55058
24430.32425
24861.71318
25292.86325
25737.62858
26188.60438
26646.74611
27117.78652
27588.82692
28073.24372
28570.79807
29068.35241
29579.28315
30103.35143
30627.65857
31165.10325
31715.92434
32273.43362
32837.39223
33414.48839
34004.96094
34602.1217
35205.97066
35822.95715
36453.32004
37096.82047
37747.24797
38410.813
39087.51557
39770.90634
40467.67351
41177.57821
41900.62046
42637.27797
43387.07301
44150.24446
44926.55344
45715.99996
46519.06174
47335.0222
48171.04726
49020.20985
49882.74885
50758.66425
51647.71718
52556.83471
53485.53912
54427.85879
55383.316
56358.59895
57353.9465
58362.67045
59390.98127
60439.35669
61500.86965
62589.13541
63690.29985
64818.45595
65959.51072
67127.55716
68308.74113
69516.20018
70737.03563
71984.38502
73258.24834
74545.48806
75859.48059
77199.50933
78559.84153
79946.4488
81353.35955
82786.3065
84246.00625
85732.4588
87245.18643
88784.42799
90350.42236
91942.93066
93568.40224
95220.38775
96899.12607
98604.37832
100342.8327
102114.4892
103912.6597
105750.4817
107614.8175
109519.2826
111450.0228
113420.6533
115418.0366
117454.8325
119531.7576
121641.4071
123784.7365
125967.9562
128190.5885
130453.1112
132755.2854
135097.8276
137479.5435
139908.3158
142376.2617
144884.5758
147445.6788
150046.4333
152700.4546
155394.6051
158141.5445
160928.3744
163767.9932
166660.8788
169606.7922
172599.523
175645.0429
178743.3518
181895.1662
185106.4579
188377.7045
191701.7402
195092.4189
198536.1256
202045.9976
205609.1364
209238.6795
212934.1491
216696.5008
220524.7789
224419.7002
228380.787
232414.9662
236515.5496
240696.3915
244941.0102
249269.2313
253673.8891
258152.5947
262710.1256
267348.8704
272066.4404
276870.0015
281759.5537
286737.4858
291799.0204
296953.712
302203.9494
307537.7893
312964.7862
318492.1062
324119.7491
329838.1605
335664.0609
341595.0615
347626.3851
353765.1977
360013.8878
366377.2328
372848.0668
379435.9443
386138.4766
392958.0524
399899.449
406957.8892
414150.0933
421461.7296
428907.1299
436483.9056
444194.4453
452043.5262
460026.3712
468154.9234
476429.1829
484841.9836
493407.6575
502126.2045
510997.6247
520021.918
529211.0277
538560.1765
548074.1417
557755.3119
567608.4643
577640.765
587845.048
598235.6452
608805.3906
619561.4501
630501.4351
641642.0662
652980.9546
664520.4891
676265.4468
688213.4392
700376.4095
712751.969
725344.895
738157.5762
751201.9558
764470.8678
777981.0327
791730.0619
805722.7328
819954.2679
834446.1651
849188.8699
864196.714
879464.9202
895010.209
910823.0258
926920.0911
943294.2391
959962.1901
976928.7215
994186.6673
1011755.137
1029631.741
1047823.646
1066342.796
1085186.801
1104362.827
1123875.652
1143734.83
1163945.138
1184513.743
1205443.034
1226740.175
1248417.11
1270478.617
1292931.862
1315776.843
1339032.672
1362694.57
1386772.091
1411277.18
1436217.002
1461603.5
1487434.286
1513716.525
1540469.327
1567692.691
1595393.784
1623586.938
1652276.929
1681478.09
1711190.421
1741433.03
1772208.307
1803525.806
1835392.692
1867825.687
1900829.568
1934423.443
1968607.314
2003395.511
2038799.977
2074827.88
2111493.551
2148808.932
2186783.579
2225424.657
2264751.276
2304775.378
2345501.742
2386951.864
2429130.523
2472054.438
2515742.719
2560219.252
2605460.151
2651489.302
2698354.478
2746031.792
2794569.019
2843942.27
2894223.206
2945364.053
2997412.584
3050392.687
3104280.473
3159147.603
3214970.191
3271796.008
3329625.056
3388457.334
3448340.614
3509298.784
3571307.957
3634415.906
3698646.517
3763999.79
3830523.498
3898217.641
3967106.106
4037236.665
4108585.432
4181176.294
4255080.909
4330275.391
4406807.514
4484677.276
4563932.452
4644596.927
4726694.587
4810225.434
4895237.239
4981730.003
5069775.385
5159373.385
5250571.775
5343346.67
5437793.615
5533888.724
5631703.656
5731214.524
5832516.875
5935586.822
6040496.023
6147244.48
6255879.965
6366450.25
6478955.336
6593466.883
6709984.89
6828581.016
6949255.261
7072079.286
7197053.089
7324248.33
7453688.895
7585422.558
7719473.204
7855912.494
7994740.426
8136028.661
8279824.971
8426153.243
8575061.249
8726596.762
8880831.442
9037789.175
9197517.734
9360064.892
9525502.308
9693829.982
9865143.459
10039514.4
10216942.8
10397500.33
10581258.64
10768265.5
10958568.69
11152239.87
11349326.8
11549925.04
11754034.59
11961774.87
12173169.78
12388314.86
12607257.88
12830070.5
13056824.38
13287567.3
13522394.79
13761402.41
14004590.16
14252101.35
14503983.76
14760309.04
15021172.74
15286646.53
15556825.94
15831758.75
16111564.4
16396314.53
16686080.82
16980982.68
17281091.79
17586503.69
17897313.92
18213618.03
18535535.45
18863113.96
19196472.98
19535755.83
19881010.29
20232379.68
20589959.54
20953845.42
21324156.75
21701036.84
22084581.25
22474885.53
22872092.97
23276299.15
23687671.25
24106424.26
24532319.31
24965858.02
25407040.38
25856105.27
26313052.68
26778121.48
27251550.52
27733100.96
28223250.51
28721999.17
29229585.81
29746249.3
30271989.63
30807045.66
31351417.41
31905582.59
32469302.34
33043293.26
33627316.48
34221610.87
34826415.28
35441968.59
36068270.79
36705799.61
37354316.19
38014537.12
38686462.41
39370092.04
40065903.75
40774136.41
41494790.01
42228103.42
42974315.5
43733903.98
44506868.86
45293449.01
46093883.29
46908410.56
47737508.55