807.3575
807.026
807.458
807.536
806.3835
805.4155
805.4265
805.4285
804.7965
804.431
805.138
805.4305
804.6365
804.2825
804.5965
803.915
802.805
802.855
802.626
801.597
801.59
802.0425
801.4525
801.4825
801.849
800.8055
800.1505
799.627
798.769
799.176
799.104
798.507
799.1915
799.245
799.427
799.4045
798.0225
797.8555
796.8415
797.162
797.0725
796.3795
796.247
796.001
796.421
795.522
795.8795
795.4955
795.3795
794.0285
793.4905
793.2095
793.1875
792.735
792.6525
793.159
791.5135
791.369
791.4835
790.8445
791.0745
790.7435
790.01
789.695
790.2655
789.958
788.8155
787.9815
787.8145
788.1075
788.419
787.7765
787.1855
786.9585
786.8015
786.74
786.529
786.4645
785.652
784.679
784.66
785.139
784.821
783.781
783.371
784.2675
783.5885
782.7
782.857
782.7525
781.6805
782.261
781.427
780.7665
780.914
781.125
780.894
780.867
780.6045
779.2505
779.738
778.9195
778.9165
779.4665
778.695
778.5155
778.5605
778.579
777.7825
777.729
777.9555
776.7435
777.384
776.778
777.307
775.523
775.322
774.8265
775.1705
774.4005
775.2415
774.242
774.571
774.539
774.205
773.84
772.5985
772.8685
771.9735
773.362
771.95
771.632
771.574
771.8435
771.4505
771.293
770.7725
770.2885
770.0775
769.5025
769.4535
769.0105
768.84
768.6225
768.205
768.007
767.214
767.413
766.788
766.2845
766.679
765.872
765.766
765.3465
765.7795
764.641
764.923
765.372
764.9685
765.0085
764.2255
764.329
764.5215
763.7965
764.282
764.0575
763.705
763.071
763.389
762.534
762.2685
761.7415
761.497
761.8835
761.393
760.7585
760.6455
760.835
760.122
760.1255
759.421
759.4325
759.2435
758.485
758.015
758.1085
757.438
756.866
756.273
756.185
756.2085
755.7715
755.2195
754.921
755.2935
755.0285
755.068
754.7495
754.3
754.1545
753.859
753.481
752.9375
752.4885
752.1215
752.308
751.715
751.2915
751.2125
750.757
750.3515
750.3045
749.8815
749.816
749.646
749.2445
748.9955
748.934
748.5665
747.3675
747.1125
747.1655
746.9405
747.4585
747.2485
746.9345
746.2365
746.2385
746.0765
745.9465
745.4865
745.027
744.989
744.7115
744.62
744.0905
743.8735
743.364
743.1085
743.155
742.394
741.4695
740.562
739.832
739.791
739.7725
739.868
739.538
739.742
739.5335
739.3
739.4025
739.2895
739.2995
739.04
738.0105
736.888
736.1735
735.4965
734.757
733.4295
733.29
733.718
734.0175
733.8835
733.0125
732.909
733.8415
733.9225
733.842
733.8195
732.8415
732.1885
732.208
731.7455
730.6125
729.9335
729.5365
729.584
729.643
729.666
729.448
729.256
728.736
728.079
726.5175
725.0345
724.208
723.7305
722.8425
721.4535
720.774
719.8895
719.2635
720.017
721.0635
721.6355
722.5475
721.7215
722.8255
724.8575
724.223
724.1805
725.859
726.5585
725.839
726.3465
725.765
724.5005
723.111
722.039
720.1055
719.301
719.2845
719.9925
719.919
719.7715
719.025
718.288
718.1845
718.4535
717.5465
717.172
717.608
718.3435
718.7985
718.6775
716.7395
715.655
713.481
711.609
711.4495
711.657
709.958
709.2295
708.5285
708.998
707.798
705.923
704.8065
703.784
704.7165
705.7125
706.2265
706.943
708.653
710.6345
710.6635
709.805
708.302
704.564
701.827
703.179
702.993
702.378
701.8625
700.119
698.22
700.2275
699.985
700.391
699.7395
698.746
697.208
696.966
696.788
696.295
698.785
697.1865
695.943
695.14
696.147
694.955
696.771
696.673
695.622
695.1205
693.278
693.6625
694.8795
694.5245
695.279
696.185
696.195
696.1635
694.931
693.5635
689.106
689.7165
693.9645
692.2825
689.9355
691.473
691.642
694.499
698.035
696.247
692.7445
690.592
692.9595
690.711
690.2505
689.737
687.006
686.852
688.773
688.4255
688.296
687.655
687.2665
685.214
683.492
682.054
684.942
686.225
684.529
681.8745
681.2055
679.467
678.3625
677.4765
678.0825
679.97
677.463
678.1015
679.178
679.208
680.194
678.853
677.9935
676.477
677.598
677.365
676.3575
677.143
675.123
672.0555
668.2295
668.682
670.696
670.4055
669.036
672.505
674.1075
673.628
665.9555
666.4615
665.3335
666.903
663.955
667.4555
666.4425
667.0575
667.8545
666.6875
668.668
665.1445
661.5675
663.599
663.961
664.6875
665.204
661.256
658.907
658.5265
658.205
660.6685
660.105
659.0785
657.75
658.082
658.076
659.4375
657.261
657.147
658.3945
657.932
659.363
655.4265
656.182
656.889
657.649
656.658
656.583
654.2775
651.4645
653.192
652.983
654.488
652.1695
649.2855
648.553
649.807
648.267
649.944
650.1235
647.0015
646.642
648.5565
649.013
647.9975
646.42
645.8925
647.2725
646.395
644.376
643.2155
645.0465
646.468
646.802
647.2325
644.6135
645.0235
643.1355
642.3375
639.385
641.7525
641.129
642.19
642.1035
639.956
637.385
638.131
634.9955
635.0485
634.4315
634.5935
637.5245
635.329
633.1405
633.2015
633.2635
631.7605
632.14
632.917
632.699
630.703
632.0435
631.7095
757.7345042
757.7117302
757.7493337
757.8822701
758.2032239
758.2185831
757.7064339
757.053404
756.8219571
756.7811758
756.3966667
756.0211613
755.6800816
755.3834905
754.6499573
753.6245997
752.9583291
752.5648164
752.6516752
753.0727285
752.8947739
752.4753094
752.9551514
753.9836867
753.9524387
753.3793825
752.5378054
751.6289657
752.0235377
752.2994733
750.9303879
750.2868912
750.3827537
750.1137032
749.7037721
748.8272396
748.8388914
749.1932118
749.4543178
749.0337941
747.6096274
746.4767556
746.20082
746.0122728
745.9365362
747.3998952
748.2684833
748.4035381
747.5593129
746.9804307
745.7384557
745.8766883
745.6229971
745.912703
746.5048258
747.1912222
747.1160152
745.9492472
745.3237579
744.5356731
743.6485481
743.570693
743.898532
744.0955532
743.215843
742.2678109
740.9395067
741.2376867
742.4484137
742.1841299
740.1884958
740.0354337
740.9951176
741.3769785
741.0888615
740.7366596
740.2536399
740.7705558
740.7525484
739.8278199
738.7034221
737.6123908
737.7813418
739.4496664
739.0233167
737.9010374
738.0276182
738.3411573
735.7369821
737.0573418
737.0922972
736.651118
736.0960691
736.0690581
736.7125547
737.0064977
735.3673025
735.4202652
735.4621057
734.9054679
734.8885198
735.7565783
734.0416465
734.2805082
733.5003678
732.8325083
732.5740504
732.5253248
733.6147672
732.0814975
731.5280374
732.1884821
731.8108581
731.0937434
729.9153236
730.7907968
730.6356161
731.2621647
728.3629873
728.5096939
729.6113178
730.0699746
729.7347208
729.453489
729.1441869
728.8867882
729.4428964
728.1315403
727.6426947
728.3280319
727.7751014
726.4234937
726.4595083
727.873612
725.6205794
725.2996255
726.0898288
724.7180952
724.4167375
725.1629817
725.5120059
723.8436812
723.9130624
723.7329892
722.7611239
723.0068708
723.3866133
723.9877397
723.4718832
722.8315643
722.7918423
721.0297737
721.0133553
721.3809163
721.1505286
720.9233187
720.6034241
719.841291
720.8279859
719.4170599
720.2824702
719.2258646
718.8233482
718.7544967
718.227518
717.3954742
717.0618093
718.2222217
717.3970631
717.0660463
716.2313543
717.3525744
717.1306608
716.0708774
716.2790208
715.9829593
715.7938825
715.6275797
714.4041417
714.4311526
714.7351585
714.155217
713.7802412
713.8151966
713.4095024
714.1647503
713.2130108
711.5807009
712.5642179
711.5626935
711.4165165
711.2269101
711.2782839
710.1459417
710.1263455
710.54581
709.7704362
708.6470977
709.0935731
708.7556712
708.0332601
707.5518293
707.7043619
707.7117766
707.7541468
707.3940005
707.498337
706.7208448
706.4189575
705.9449414
705.6202801
704.9111098
704.6632444
704.6102817
704.0621179
704.358709
703.9191187
703.0616528
703.0431158
702.6829696
702.3847896
702.2412608
701.8403332
701.6814452
701.7269931
701.0803187
701.3827356
701.0247079
700.1407606
700.5205031
699.5973635
699.5184491
698.6366203
698.0815714
698.4824989
698.2807111
697.7717397
697.3602196
697.1896797
697.3204976
696.658464
695.953001
695.3095044
695.23059
695.4408518
695.0600501
694.343465
694.2957986
694.0272778
693.2715002
692.5983445
693.4706399
692.7392252
692.1709356
691.6280681
691.8589854
690.8060872
690.861698
690.9649752
690.0789095
689.6763931
690.0942687
689.1218737
689.4242907
688.5885395
688.0679163
688.0589126
687.8746025
687.3370312
687.3296164
687.0854585
686.4509655
686.2772479
686.377877
685.7010138
685.5537776
684.5930344
684.918755
684.421965
683.7922386
683.9257046
683.7085576
683.3187522
682.7859476
682.5555599
682.5661524
681.6324203
681.6747904
681.2346705
680.5360927
680.5466852
679.9746882
679.7278821
679.3047102
678.7666093
678.4906737
678.2708786
678.0224836
677.7396628
676.9012635
676.7381384
676.2392299
676.1147676
675.5427706
675.2308204
675.1630282
674.4178432
674.1916925
673.5312478
673.3072156
673.1568016
672.5720935
672.5254864
672.1976474
671.9180044
671.3253519
671.2861595
670.7814251
670.5160821
669.789434
669.4997281
668.9160793
668.511974
668.4335892
668.0310728
667.7943296
667.3229617
667.0062448
666.7080649
666.2711228
665.802403
665.3167352
665.0794623
664.5651946
664.1060081
663.7209694
663.362412
662.892633
662.9079922
662.5531422
662.170222
661.8598606
661.5013032
661.481707
660.736522
660.1682324
660.0432405
659.3250665
659.1110972
658.6248997
658.5105003
658.0952729
657.738834
656.9375086
656.8898421
656.6213213
656.1880866
655.7797442
655.0070186
654.7856346
654.3555776
654.1431972
653.4859303
653.1512061
652.7730525
652.3768917
652.0792414
651.6671917
650.9649064
651.1455092
650.580927
650.1566958
649.5455064
649.0789052
648.5058489
648.1954876
647.5535798
647.2707591
647.2352741
646.9948235
646.6855214
646.0208397
645.7147153
645.1946218
644.7523833
644.149668
643.6518187
642.9272892
642.5496652
642.4855804
642.2694926
641.7027919
641.2632016
640.8532704
640.618116
640.4443984
640.1112631
639.4693554
638.7850775
638.1903065
637.6347279
637.4541252
636.9933498
636.7910323
636.3890455
636.1083433
635.6751085
635.1370076
634.6741138
634.2286976
633.9755359
633.282784
632.8643788
632.4284959
632.0085018
631.6324667
631.1208471
630.7045604
630.546202
629.9879753
629.29999
628.9970434
628.5595716
628.2391474
627.818094
627.2884672
627.0337166
626.7334182
626.2186209
625.7101791
625.3553291
625.0534418
624.5423519
623.8485407
623.5863754
623.2664808
622.7866388
622.278197
621.8401956
621.2613135
620.9779631
620.4806435
619.9568425
619.7211586
619.1920613
618.8663408
618.2657439
617.6561434
617.3145341
617.0057616
616.393513
616.0577295
615.47514
615.0286646
614.6229704
613.9000297
613.5854314
613.053686
612.4440855
612.095591
611.6056861
611.1655662
610.6486504
610.2074712
609.8971099
609.3420609
608.6726126
608.4189213
607.7245805
607.5413296
607.0191175
606.417991
606.0811483
605.7024651
605.1066349
604.5637674
604.2338098
603.6851164
603.2476446
602.6883587
602.2387054
602.0067289
601.4257282
600.8786237
600.2557825
599.8993436
599.3776611
598.9539596
598.3565405
597.884643
597.4307528
597.0859657
596.5309168
595.9451494
595.356734
594.9272066
594.3838095
594.0406112
593.5560027
593.0311424
592.642926
592.1371323
591.4909875
591.0079678
590.371886
589.6304084
589.2750287
588.6368284
588.1548679
587.656489
587.2439097
586.7005126
586.2132558
585.69634
585.1444688
584.5894199
584.1609517
583.492033
583.0095429
582.5583009
581.9105672
581.3449257
580.782462
580.2936164
579.7555155
579.1803407
578.6353547
578.0098654
577.4775904
577.0581259
576.7387609
576.2440894
575.6816257
575.1948986
574.6906938
574.1753669
573.7140619
573.2802975
572.8364702
746.7774859
746.300428
745.7033882
746.3543913
747.3618961
746.9520052
745.7119993
745.2205896
745.5506837
745.0753481
743.9581947
744.0850656
744.6356053
743.497211
742.2170197
742.0189632
741.1589961
739.7461931
739.9080828
741.2238668
740.9121431
740.7404941
741.6917394
740.7290126
739.1732644
738.9200966
737.5153306
737.3632003
738.9017261
738.6313359
739.4803955
739.7278226
738.2685194
739.5090994
738.55728
736.9986615
736.0864534
734.902707
736.4647701
736.1444352
736.8597349
736.8488274
736.5038073
735.7649704
733.729294
733.9480173
734.057666
734.4302418
733.3148106
733.3417922
733.6443307
733.2568288
732.7258078
731.7515994
732.4307323
732.1689533
732.712604
732.0897307
731.9536745
731.905452
730.604594
730.5936865
730.3370742
729.8209791
730.1878142
729.9111092
729.2400134
727.9868037
727.2399298
727.1251144
727.4689864
727.6400613
727.74971
726.9861878
726.9431321
727.7990806
726.718668
725.387958
725.0337526
724.8311035
724.8133071
723.9808957
723.9567845
724.4568054
724.9493633
723.2724849
721.569199
722.7902604
723.5761716
723.4889119
722.6031114
721.9475157
722.2810543
721.8591078
720.9176219
719.9749877
720.014599
718.930742
719.7884128
719.6345602
719.8263018
719.0840205
717.8331072
717.4783277
716.8560284
718.392832
718.0156636
717.6499767
716.1912475
715.62693
716.0965248
715.3662991
714.3674055
714.6601846
714.931723
714.7009441
714.1555711
713.6532539
713.6222538
712.6767492
713.5924018
713.2066221
713.1802146
712.5137114
712.5871933
713.056214
711.434447
710.8942407
711.172668
710.3391085
711.1347789
709.6484941
708.7110266
710.4929611
709.3063443
709.3086406
708.9119535
708.9234351
707.7517443
708.0106529
706.4244787
708.0433753
707.8011149
707.6478364
707.6139659
706.3797007
705.7200865
706.1655701
705.2005469
705.3532514
704.976657
703.5294093
704.5587291
704.0518192
702.6562385
703.3066675
703.1700373
701.9943279
703.0397218
701.539085
701.5792704
701.1538795
700.5769323
699.9569293
700.148671
699.8409658
700.0998745
698.5360892
698.7375902
699.1222217
698.6652565
697.5601587
697.4068802
697.8845121
697.3661207
695.8235763
696.1157814
696.0974109
695.2931293
695.7960206
695.3545556
694.1421053
694.1363646
694.7781824
693.6409363
693.0215074
693.5152135
692.7872841
692.5232087
692.3613191
691.2757398
691.1609245
691.1970913
690.6540146
690.5615883
690.9864051
690.5460882
689.4943795
689.7842883
688.0861691
687.8525198
688.5092637
687.4041658
686.9007004
687.1722388
686.225012
686.5298468
685.6205092
685.4511565
685.3644709
684.0768166
684.3431882
684.4206886
683.1577196
683.033719
682.8884776
682.3126786
682.0549181
681.9688066
681.5732676
681.3843964
680.8229492
680.1903166
680.5525591
679.8384075
679.3980906
678.4950678
678.8590325
678.7844025
677.6190266
677.8457869
677.3526549
676.246983
676.1224083
676.2705201
675.4805904
675.4645163
675.0069771
674.7773464
673.8616938
673.2336538
673.1326163
673.1280237
672.6693363
672.1170744
672.0137406
671.2100331
671.1187548
671.3202558
670.7335493
670.0796758
668.922337
669.3161537
668.9791706
668.5377055
667.8798135
667.5830158
666.6863078
666.2528798
666.2838799
665.5944137
665.6512473
665.4853391
664.9474291
664.8182618
664.2424628
663.4978852
662.622418
662.5276954
662.4398616
661.9840446
661.3548564
660.9001876
660.9983547
660.0333316
659.6360705
659.2853095
659.07979
658.5659913
658.720418
658.1365818
657.3041705
657.0418174
657.1836143
656.5923152
656.1474057
655.1835307
655.2805497
655.2908831
654.3545638
653.8269872
653.6214677
652.8866494
652.5617219
652.0726085
652.0898308
651.4549018
651.4457166
650.7677319
650.4870083
649.5438001
649.4657257
648.8411301
648.7423889
647.8491254
647.4633458
646.8249724
647.0856032
646.4690447
645.694041
645.3553357
645.2715205
644.8243147
644.46035
643.9781255
643.7163464
642.9792318
642.5595817
642.0808016
641.4585023
641.3316314
641.0250743
640.5623684
639.8763466
639.415363
639.0387686
638.5685997
638.0674306
637.8251702
637.2292785
636.5943495
636.0214209
635.6769748
635.4593997
634.6160808
634.4030983
634.0741523
633.4443901
632.9776656
632.5861452
631.9449014
631.7284745
631.2284536
630.8449703
630.5562096
630.3340419
629.3495002
628.9281278
628.369551
627.7960483
627.8431226
627.2581383
626.4699309
626.3223931
625.7546312
625.5359079
625.0221092
624.5898293
624.5680144
623.5668244
623.1626744
622.3050036
622.2607997
622.1109657
621.4312587
620.8680894
619.9731036
619.5213052
619.4053416
618.7790238
618.2032248
617.801371
617.3082391
616.6532174
616.2306969
615.9373436
615.4350264
614.7845974
614.6628931
614.2019094
613.8184261
613.1708675
612.6455872
612.4481048
611.9354542
611.3676922
610.9084308
610.1977237
609.774055
609.1804596
609.0616257
608.6586238
608.0495283
607.5368777
607.0282456
606.1648341
605.8077583
605.2951077
605.0407917
604.4334184
603.9242123
603.7244336
603.2393387
602.5286316
602.2065745
601.5745159
601.1720881
600.655993
600.2070649
599.6898217
599.2971532
598.7626877
598.242
597.8631093
597.143217
596.7913079
596.2998982
595.6299505
595.1781521
594.7372611
594.2946479
593.8279234
593.1539572
592.5075468
592.0126925
591.5499866
591.2600778
590.7824459
590.1010168
589.52694
588.8828258
588.4316014
588.0429514
587.621579
586.9654092
586.522796
586.1404608
585.2856605
584.9343255
584.4101933
584.048525
583.7167086
582.9750013
582.4020727
581.9525705
581.6109948
581.0277328
580.3095627
579.8606346
579.1717424
578.8651854
578.2773308
577.6567537
577.2985298
576.6371933
576.1756356
575.6836517
575.072834
574.7295361
574.1583297
573.6296049
573.2111029
572.5336923
572.150783
571.6553548
571.037074
570.6266091
570.2867556
569.789031
569.2545655
568.7700447
568.4525802
567.6098355
567.067907
566.6804051
566.1987547
565.6751966
564.9650636
564.4478204
563.7491689
563.3191854
562.6257006
562.2646063
561.6916776
561.1773048
560.6968025
560.1732445
559.3293516
559.0675725
558.4636437
557.9842896
557.4216943
556.9865441
556.2942075
555.7649086
555.2195357
554.7665891
554.3010128
553.5788241
552.9886732
552.3916333
552.0580947
551.1005346
550.6389768
549.810584
549.4357118
548.8260422
548.2887063
547.5653696
547.1382564
546.4906978
546.0251215
545.1433395
544.3522616
543.8218147
543.2224785
542.7735504
542.2746777
541.5318223
540.7309851
540.0168336
539.2647929
538.4335297
537.7188041
537.3158022
536.5941876
535.9414623
535.3053852
534.811105
534.2198059
533.5022099
532.7518915
532.0503697
531.4005147
530.7925674
530.3666024
529.8803593
529.4687462
528.9273918
715.8966245
715.6053667
716.0028326
715.54086
714.0676299
713.2081914
713.3736936
713.1423815
711.9428165
711.3075227
711.7597216
711.4580384
710.1568264
710.2832336
710.9471971
709.9626546
709.0967002
710.1411884
710.3594689
708.8477954
708.3923386
708.3949449
707.3608821
707.7231625
708.2946011
706.8278869
707.0793981
708.6301665
708.6158317
708.9957048
708.1708002
706.0257877
705.3331546
703.4722324
703.5002505
704.4808835
703.9055354
705.5664214
705.0660054
704.4750193
702.5763053
701.8843237
701.8315455
700.7909668
700.6743334
699.0460265
700.233863
700.4834194
701.0450843
699.1157459
699.589447
699.4558724
700.0084151
698.9508953
698.4003073
699.2649585
698.3214657
697.1675116
696.1112949
695.7255575
695.4121459
693.7049974
693.7199838
693.9043819
694.1187529
694.7351508
694.4256487
693.6567803
693.5531785
693.713468
693.8496489
693.3075316
692.4005275
691.7724011
690.3408724
690.3135059
689.8736871
689.9733794
688.1000771
687.3272992
688.0160229
687.8270637
687.2412902
687.9378328
685.7928203
684.4290563
685.5237164
686.465906
685.6924765
683.4204052
682.668478
683.6530205
683.6510657
682.8932742
682.9779801
683.9964049
682.415012
681.7008766
681.6246414
681.8351028
681.0799177
680.3345063
679.6992125
679.3629954
679.5167691
678.6625433
677.1072137
677.9164803
680.1892032
679.6145066
677.6356479
677.7881184
676.4973317
674.9726266
674.6618213
674.9100746
674.4441924
674.2995409
673.0087542
675.1042464
673.7834869
673.487668
672.5506911
671.1504384
672.6138947
672.1382388
670.9106557
670.7203934
671.260556
668.8516522
668.8119056
670.7184386
669.0497336
669.4660953
667.9537703
666.7574632
668.0945123
666.8591102
665.2894458
666.8428206
666.0465857
666.5808841
664.5740073
664.974731
662.4446327
663.759528
663.9967044
662.5228227
662.9144244
662.97437
661.9898275
661.2945881
661.9350945
661.5330676
659.2062633
660.0552765
659.0257747
658.9547521
658.5520736
657.2247982
658.2145534
656.3177941
656.519785
657.2573774
657.0834046
655.5528352
655.1032427
654.8686727
654.6829714
654.0587545
653.5264109
653.3498318
653.0735604
652.5314431
652.8539768
651.6361675
651.4628463
650.9480954
650.1297067
650.7115707
649.1197524
647.9560245
648.9848747
647.6022147
648.2485854
647.2269027
647.2444954
646.303609
646.1211657
645.0857997
643.3845154
644.0360988
643.4301263
643.7780718
643.3252214
643.181873
642.0389957
642.5022715
641.3007518
641.8734936
641.661729
639.8874674
639.712843
639.4352685
639.212427
638.9596126
637.817387
638.0343642
637.0420027
637.3156678
636.3806456
636.9918308
635.9870892
635.508827
635.3811167
635.1081032
634.4747642
632.7115795
632.8054075
633.1246834
632.6464212
632.3851362
631.7452814
630.031617
631.0800147
629.1532826
629.531201
628.8359615
629.1330836
628.0240886
627.4428762
626.9659172
626.7932476
626.2322343
626.06999
625.5995468
624.6247781
624.3999818
624.0605069
624.3791311
624.022715
623.1834756
622.9000368
622.3129602
621.7115487
621.1212142
620.2637305
619.7528891
619.4192784
618.8341565
618.5872064
618.1063379
617.6873697
617.6352431
616.0375606
615.8974702
615.1944117
614.0476249
614.2339778
614.2926203
613.5602405
613.4051637
612.1984313
611.6550107
611.731246
611.5527121
610.7779795
610.2534548
609.7921338
609.070831
609.0486772
608.3866684
607.1871034
606.4364794
605.9354117
605.8272489
605.3835206
604.8505254
604.5534034
603.8555575
602.5778025
603.6959196
602.3960108
602.0317756
601.2550882
600.8074505
599.944754
599.686727
599.6469804
598.5080127
598.7894967
598.26823
597.170312
596.8712352
596.6171177
595.4755436
594.9640506
594.7392544
593.6849924
593.7110558
593.3917799
592.5948934
592.2723596
592.0710204
591.6670387
590.3671298
589.8406504
589.5135556
589.1519268
588.5003434
587.919131
587.5021176
586.8381542
586.356634
586.2556386
585.2339559
584.8436574
584.5374132
583.4688165
583.4199477
582.9964185
582.418464
581.9832063
581.3961297
580.8572702
580.0382299
579.6485831
579.4035877
578.7897961
578.6353709
577.8899595
577.4090909
576.8187564
576.3561322
575.5481688
574.8542325
574.5395177
573.530215
573.6905045
572.9894008
572.4609667
571.7839715
571.17018
570.9049856
570.4547414
569.5549048
569.0531856
568.4224528
567.6926794
567.0827974
566.2859109
565.489676
565.2955042
564.4666901
564.3285544
563.1817676
563.0364645
562.2715056
562.020646
561.5319585
560.8152168
560.2620225
559.7094798
559.0253172
558.4356342
558.2167022
557.5501324
556.6867844
556.1537892
555.5510746
555.3380068
554.4310027
554.3534643
553.7950573
553.1441255
552.167402
552.0839994
550.9723981
550.639439
550.0067515
549.6158015
548.9238199
548.2969967
547.6636576
547.2082009
546.7116943
546.1617579
545.7330161
544.6559487
544.3874964
543.6003836
543.0621758
542.5024656
542.2209816
541.6769095
541.0175071
539.9039511
539.4061414
539.0992456
538.6952639
538.0827755
537.4351016
537.0604412
536.2387945
536.219247
535.4862157
534.8229038
534.132877
533.7210763
532.8479545
532.2667422
531.5030864
531.2339825
530.8475935
529.7855126
529.5489878
528.6237394
528.0711967
527.8060023
527.1439936
526.4116138
525.8903471
525.3860216
524.5963025
523.8013708
523.1986561
522.5614076
522.057082
521.5716524
521.1526843
520.5343317
519.8547302
519.3236897
518.8239253
518.2726857
517.6126317
516.9356366
516.4202341
515.7328137
515.1209769
514.2993302
513.891439
513.2379009
512.9134123
512.3504443
511.559422
510.7690514
510.2888344
509.4704457
509.1036043
508.8488351
507.9568175
507.1221392
506.8562931
506.3695604
505.4977418
505.1211266
504.7738326
503.9573986
503.0308471
502.6653088
502.4783044
501.8364947
501.2585402
500.5515723
500.2205679
499.4771113
498.9747405
498.5420891
497.9726052
497.1783251
496.9072664
496.1898731
495.7279004
495.3330409
494.6234666
494.1054578
493.5802816
493.1821641
492.5103817
491.9265629
491.4235406
490.5549799
490.5432514
489.500718
489.1364829
488.6888451
488.082221
487.3146557
486.7262759
486.1659142
485.7860411
485.2478332
484.566277
484.1714174
483.476178
482.753572
482.3880337
481.8915272
481.1487221
480.7095549
480.2456275
479.7517273
479.1020987
478.6844337
478.0308956
477.5011583
477.0007423
476.3432946
475.8643808
475.3098834
474.6074765
474.0288704
473.51021
473.1316401
472.7472059
472.0982288
471.5535051
470.8739036
470.4842568
469.8124743
469.0305742
468.782321
468.2988461
467.4693804
467.071263
466.5760596
466.1251639
465.6351732
465.3960421
464.817436
464.3658887
464.098088
463.6706493
463.4074096
463.0509935
462.4469757
461.9778356
461.2838993
670.476633
672.1237116
673.3928078
672.7654869
671.7674107
672.2993326
673.1174515
672.1034755
670.2200675
670.182486
670.7483757
669.7286179
668.515894
669.1330968
669.4380845
668.2600511
668.167543
669.2118732
668.3460548
666.6866899
667.380501
667.2178891
665.479025
665.7175226
665.1140515
662.9697416
663.296411
663.0889904
662.3734977
664.0740576
662.8822925
661.5929602
662.1906495
660.7994138
661.4838295
660.8977037
660.3513274
661.4657615
659.4797272
659.9827403
658.5987317
657.9591246
657.2241185
657.1778644
658.1333001
657.4431026
658.458524
657.1728054
655.8336054
654.1287092
654.4640512
654.3852748
655.1405171
655.1260627
653.0272841
652.8198635
650.3850202
649.7085544
649.2756452
648.9851118
650.31853
650.364784
650.9487417
651.1908529
650.0128195
650.3105801
649.7273451
649.6731411
648.9655984
648.3953724
646.8747697
647.0670132
646.7099896
647.1291671
646.5061826
645.1821598
644.4702807
643.2792383
642.9106512
642.1532407
640.604452
642.4502786
643.5892851
642.5926544
641.2447818
640.5581979
640.2879007
641.265018
640.1961153
637.4346026
638.1602133
638.5685501
637.2250138
637.0197614
636.3006551
636.6511742
635.6877886
633.4907202
633.1922369
634.2828212
634.0313146
632.7788411
634.778607
634.6232222
631.9983036
634.081905
630.6923488
631.5082995
631.4035051
631.4634909
629.9421655
629.739804
629.9009705
627.5203312
627.6439163
628.3276093
627.1098263
624.1343885
624.9272122
625.5776601
625.4822611
624.8173588
623.2692928
623.5403128
624.8296451
624.0837981
621.8086759
623.5735579
620.7383278
621.6879817
620.5077801
619.36516
618.3092663
618.7761433
619.2784336
619.2654247
618.8448017
617.9067113
617.4398342
616.9353758
617.0726925
616.3687634
616.7467459
614.318407
615.2362613
615.0765402
613.1468781
613.2625133
613.4085027
612.1054388
610.1837266
611.5026904
611.1290442
610.6874623
609.7855079
610.2075763
609.2326272
609.7327494
608.4846121
608.3928267
607.7994737
607.4677453
606.0786776
606.0772322
605.4954427
604.4409944
604.5696385
604.0080852
603.2145387
602.8134292
602.8922057
601.1114239
600.9054487
599.2244022
600.0902207
600.891717
598.5623908
597.4450659
599.1673074
598.5479364
598.5089096
597.0352837
596.0307031
596.464335
594.4009697
592.9222848
593.6428366
593.2691904
592.7914725
591.9343268
592.9071077
591.8519367
591.9841944
590.380479
590.0660959
590.1159635
589.7105177
589.0752469
588.8569855
587.5857212
587.6854566
589.2241272
586.4033515
586.2869936
585.2636222
585.8851613
584.6738828
583.6880929
583.4640497
583.0520994
582.3272113
581.4845199
581.5380012
580.5283615
580.4011628
578.1889173
579.851173
578.4006742
578.7981701
576.3387543
577.258054
575.4678769
575.4093366
575.5589396
573.8099575
574.0419506
574.0050918
573.558451
572.7049188
571.979308
571.5160446
570.8966736
570.1443222
569.6398637
569.1310689
569.3999207
569.5097742
568.0469891
566.8891918
566.999768
566.298007
565.162614
564.4001446
564.5931108
564.8185994
563.5870847
563.3731596
562.7537887
561.8402707
562.3678562
560.8320765
560.2922047
559.5861074
559.1727116
559.2370337
559.0418993
557.3933753
556.6352421
556.3815674
556.2970092
555.0886216
555.0423675
554.4005922
554.1599265
553.4473247
552.0568116
552.4304578
551.405641
551.5118808
550.7190571
550.1394358
550.0317505
549.1478641
548.5899244
546.8857509
546.8611784
546.1370131
545.9650057
546.0647411
545.4468156
543.9861987
542.8667056
542.5826767
542.251671
541.6337455
541.686504
541.296958
540.4730573
539.8168277
539.7445557
538.7616566
538.0165324
537.0285743
536.7503272
535.9264265
534.6161354
534.5850584
533.8370433
533.6310682
533.71924
532.8433035
531.871968
531.5857709
530.5016911
530.0832362
529.1957362
528.6385192
527.6975379
528.1911556
527.612257
526.4161555
526.322202
525.4845696
525.3219576
524.2971408
522.9976905
522.3414608
521.8247161
521.3932523
521.4640789
520.5859742
519.3566277
519.3681912
518.6208989
517.7594168
517.5360963
517.1335413
516.6724461
515.7704916
515.0564444
514.0894452
513.8632339
513.2163996
512.4936797
511.7825233
511.2925192
510.6991662
510.0393229
509.2183132
508.7868494
508.6553144
507.8588771
507.1404935
506.3440562
505.5071465
505.0272605
504.7837039
504.0060573
502.8576554
502.6589075
501.6629995
500.9720793
500.7046729
500.0383252
499.311269
498.8754689
498.0551818
498.0718044
496.7094774
496.0120527
495.0992575
494.7566882
494.0961223
493.4514561
492.9123071
492.0992472
491.8397908
490.3957965
489.7822073
489.4533697
489.1816271
488.4321665
487.5938115
487.0958575
486.2025757
485.7754482
484.5858513
484.5164702
483.8703586
482.9329909
482.0006823
481.4456334
480.8385487
480.1078789
479.408286
478.5460812
478.0336728
477.620277
477.0059651
476.361299
475.6949513
474.9151365
474.5956943
473.7544484
472.9818608
472.2475774
471.9144036
470.9965493
470.7024023
469.7578074
469.2367264
468.3239312
467.3916225
466.9789495
466.0834995
465.868129
465.2039494
464.7132226
463.8835402
463.1969563
462.6426301
461.7385076
461.1097413
460.4260483
459.5920295
458.8570234
457.94206
457.7505392
457.3740022
456.2407774
455.9408486
455.3532774
454.6298348
453.3527887
452.7269133
452.3062903
451.744737
450.8644642
450.0824813
449.8439837
449.0439328
448.8502439
448.055252
447.2624283
446.5491037
446.1631713
445.2568806
444.8825117
443.9299669
443.2144742
442.7121839
441.8882832
441.0492054
440.5100564
440.0504065
439.3659908
438.9952355
437.7405938
437.1335091
436.8559846
435.9171715
435.4445127
434.8273099
434.0626723
433.3189935
432.95402
432.179987
431.4204084
430.8219963
430.3103106
429.6461311
429.1474543
428.314881
427.744655
427.0342214
426.418464
425.6877942
424.9672425
424.4591704
423.8773809
423.3375092
422.7774013
422.2758337
421.4671101
420.9113385
420.3750804
419.6436878
419.1226068
418.518413
418.0761084
417.5261186
416.6046507
415.770632
415.5465888
414.9597403
414.4617863
413.9746731
413.3769837
412.7453265
412.086206
411.3945631
410.8409596
410.0842719
409.5617454
409.0175374
408.3352898
407.8922625
407.3111957
406.7431379
406.2791517
405.5932906
405.096782
404.4636794
403.8573174
403.2372237
402.7233699
402.059913
401.4036834
401.0314826
400.4807701
399.7941862
399.1928832
398.7628649
397.9339052
397.4308922
396.9228201
396.4725656
395.880658
395.310432
394.8883636
394.3651144
394.0427813
393.3243978
392.7758534
392.4629157
391.9273802
391.3911221
390.769583
390.4812177
390.2239295
389.5814315
389.0957637
388.5508329
387.9401346
387.5860019
387.1104522
386.6999473
386.0776855
385.4308512
628.3672928
628.4555754
628.7645643
629.1517684
629.1122736
628.6840258
628.4935214
628.2147344
627.677295
627.0755798
626.4924503
624.8809066
623.0169058
622.3880863
622.5762675
622.4616551
622.0914879
622.4012512
623.2685885
623.2623932
622.4639783
622.1333059
621.2907497
619.9943902
618.670152
617.8368886
616.9501911
617.0500898
617.744734
617.8539256
617.930592
617.9127806
618.2837222
618.6407245
617.2785402
616.0480054
615.6577037
615.4176371
614.232018
613.1710786
612.7056592
611.2358322
610.6991672
610.0509875
609.5847937
609.852739
611.9963012
612.4353907
610.882702
609.4825718
609.4175215
609.4384305
610.1276539
607.1059127
606.9610983
607.6487729
608.492878
609.2905185
607.5279652
605.5090828
604.3614096
604.7207351
604.7873342
603.2679451
603.4638704
603.5676411
602.5539406
602.3293622
601.5650212
600.0866758
599.3649272
600.4026344
600.5203444
599.8489324
598.2257726
596.8922415
599.1186654
598.9668814
597.2097489
595.4549397
594.5937976
595.3364552
593.9665269
593.3113775
594.4125861
592.4850838
592.6360934
593.2966637
593.0565971
591.5945143
591.2622931
591.5310128
590.5273796
589.6755305
589.0691688
588.8631761
589.367316
588.386915
586.6266849
586.740523
586.778469
586.4129483
586.1837234
585.308642
583.8845051
583.5437655
585.0972285
583.2401974
582.0840058
581.4915834
582.0925243
580.329971
580.1293992
580.2486581
579.0816248
579.9667735
577.8479924
579.8374473
576.9837527
576.2372231
576.718905
575.1267216
576.7553022
575.7113998
574.2671283
573.9000588
572.449592
570.7327288
570.2905417
568.9740475
573.3742355
569.8158294
570.9449167
568.2886962
570.0024618
570.1441785
567.1557368
568.3684602
568.0989661
566.9768485
566.70658
568.08735
567.3748944
566.7329099
565.088841
565.4388736
564.5970918
563.7514379
563.8497877
562.8430569
562.6541013
561.841747
561.0851501
558.3592328
559.3473778
559.2257957
558.932295
559.400812
557.8086285
557.2673171
557.0543548
556.618363
557.0334458
555.7696114
554.9890079
554.590962
553.7468569
552.973223
553.788675
551.4987496
551.2974035
549.4163657
550.1257237
550.308484
549.2847163
549.4186889
550.3812784
547.8055964
548.1323967
546.8011888
545.2175238
546.2854329
544.8705889
545.5938863
546.6881252
544.3532841
543.4208965
542.4219098
541.3989164
542.6162863
542.2763211
540.9954497
541.8325851
540.516091
538.7426959
538.1742802
538.8867359
537.6492314
537.2333742
536.1414584
536.5735783
535.3887336
535.9401123
533.4039251
534.350252
534.5384332
532.0347712
532.3484065
531.8094184
532.610931
530.3876047
530.1119153
529.1144774
529.2832984
528.5739404
528.4608768
528.0217873
528.3106416
526.8601748
526.6611519
525.2432103
525.0410897
524.6322021
524.3689033
523.3102872
522.2756777
521.7173293
521.3765896
520.8848403
520.89181
520.2629905
519.1424216
518.4741073
518.2131317
518.5755548
517.1297344
516.4498039
515.2758009
514.5579244
514.1838852
514.4781604
513.0710605
513.138434
512.876684
511.5183718
512.24709
511.1257468
510.5542335
509.4328903
509.0240027
508.8884812
508.8946765
508.1442748
507.1313488
506.1602407
505.2324996
505.7134071
505.0954293
503.9415609
503.0254359
503.4536837
503.1191393
502.062072
501.7437901
500.6085076
500.4962184
500.2484077
499.6102953
499.1913404
498.1962257
497.3412789
496.0867374
496.546736
494.9948217
494.5092677
494.2583594
492.7714955
492.3029784
492.019545
491.7980642
490.6349029
489.8132557
489.0148408
488.4812734
488.4959872
487.1779443
486.3655899
486.0937726
485.5245825
485.1962334
484.6634405
484.0772134
483.5614574
482.3138857
481.5061778
480.81618
480.668268
480.4669218
479.367262
478.1847406
477.9973337
477.631813
477.1857538
476.2990563
475.9157242
474.8199365
474.8563336
474.48152
473.738088
472.5292367
472.2063084
471.1747965
470.7628113
469.9945983
469.6554074
468.7098549
467.8734939
467.2725531
466.9906684
466.2665967
466.0249813
465.5680804
464.4397675
463.9425973
462.8955973
462.176172
461.2825048
460.2943598
460.0682326
460.0759766
459.7398834
459.1009966
458.6231867
456.6794218
456.7088493
455.8337679
455.2064972
454.9455216
454.3221229
453.9511813
452.6943166
451.926878
451.9361709
450.9147263
450.402068
449.6803195
448.6604238
447.792312
447.4035591
446.8699917
446.6121138
445.5960901
444.6846115
444.266431
443.5617194
442.5000057
442.2785249
441.4073155
440.4315611
439.9266468
439.105774
438.4916682
437.7451386
437.4911327
436.9126497
435.3684795
435.0532954
434.0558575
433.7786193
432.9368374
432.1701732
431.3717582
430.3681251
430.1667789
429.6332116
428.7163122
428.3205895
427.5841272
426.9560821
425.8324156
425.4909015
424.3912417
423.9614451
423.0793941
422.66586
422.0060642
421.1906122
420.3534768
419.9120641
419.3064768
418.5862771
417.5756742
416.9197504
416.4659471
415.8084745
414.3115432
414.4338997
413.4875728
413.0446112
411.6158279
411.3385897
410.8677494
410.6307805
409.2066436
408.5646591
407.9490045
407.2737205
406.5550696
406.1020407
405.6799882
404.4393861
403.7795902
402.9842728
402.7310413
401.9031988
400.9762321
400.1414199
399.3662372
398.8504813
398.2967794
397.8197438
397.2745604
396.2523414
395.6157778
394.550192
394.254368
393.4381416
392.9463923
392.1774049
391.1350513
391.0746475
390.356771
389.2044514
388.608157
388.1241518
386.7875231
386.6047627
386.070421
385.8078965
384.8445326
384.0399224
383.4746043
382.8395895
382.0063262
381.3689881
380.8346464
379.9378816
379.3996678
378.582667
377.8539488
377.235971
376.8967801
376.1386344
375.677087
375.0374258
374.2684383
373.693053
372.8930892
372.2007681
371.5564604
371.087169
370.6674397
370.1865321
369.4206423
368.794146
368.4859315
367.7998057
367.0292695
366.4895069
366.0581614
364.9282997
364.414867
363.7357109
362.9551073
362.2682072
361.7369631
361.2103654
360.724037
360.0712108
359.7366664
358.5587914
357.9330694
357.5102425
356.8109518
356.1403142
355.8189348
355.1970849
354.5814303
353.9859103
353.607999
353.1309635
352.6035915
352.0529872
351.2716092
350.6327223
349.9078761
349.414578
348.9723909
348.4736719
347.8386571
347.2725647
346.8450913
346.0691341
345.6106844
345.0074204
344.5714285
343.9658412
343.7296466
342.8375283
342.2249713
341.9368914
341.3599572
340.9766251
340.4236976
339.7553832
339.4394246
338.9438033
338.4187545
337.738824
337.4282862
336.9125303
336.4734408
335.80048
335.1399097
334.5482617
334.1610576
333.8187691
333.2580975
332.7833852
332.3799185
332.1266869
331.8146004
330.9464887
330.7792165
330.4113725
330.0086802
329.3457867
329.1258547
328.4621868
573.2428925
572.4720143
571.9168825
571.7036256
571.7675197
571.5957525
571.2970268
570.7302779
570.3568708
570.384254
569.8731012
568.9711158
568.8076464
569.4706514
568.8366892
567.0601014
565.8461136
565.0744057
564.1027176
564.3375491
564.5690615
564.0039721
563.8612477
563.4114996
561.9626802
560.7354157
559.9031329
560.3528809
561.2050788
560.5238184
559.6342798
558.9389129
558.2651206
558.2277799
558.2485248
558.697443
559.565407
559.1488506
557.8253301
556.6511724
556.0039335
556.6594703
556.3931066
555.632186
554.1086852
553.4647655
552.7403558
553.2432106
554.20992
552.4756517
550.2634223
550.3156993
551.445878
552.2964163
551.554581
549.417033
548.3922381
547.6122323
547.4587205
547.0977603
546.5583946
546.6156503
546.2928607
546.882014
547.0861432
545.4489607
543.2666039
542.8608349
543.2533272
543.4848396
543.5545423
542.3778952
541.4136752
542.1604893
541.3630578
540.494264
540.6652015
539.5084694
538.1525869
537.9899474
537.9750111
537.1485368
536.312105
535.7304198
534.7927532
535.0201166
535.9743791
534.0384709
534.311473
532.6850778
531.394749
533.2476778
533.5912123
532.1399035
529.8264394
531.5797929
531.0080653
529.5343521
528.7643038
527.6440826
529.6986512
526.5022868
526.8192679
527.6432528
526.4002222
525.5148326
525.9405166
524.4311223
523.1291764
524.7041244
524.3365259
523.3814336
523.5457327
523.8801395
523.8311817
521.7973579
522.67279
521.2173323
520.4497733
521.1243954
520.7194562
519.9303226
519.8523221
517.5927945
518.241693
518.1529051
517.4185379
517.1339187
514.7250283
514.9374554
514.7690074
512.8546739
514.8760507
513.416444
512.7385028
512.1144981
512.4173727
512.5451609
511.0830648
512.1866901
509.5736705
510.1843985
508.1721494
509.1206033
507.9879353
508.2061709
508.2070007
507.1515035
506.5158817
506.6760318
505.3657879
505.2106166
503.9534795
504.5285263
502.8838757
503.9086706
503.2639211
501.6756965
501.5537168
501.308098
500.2891116
500.7745408
500.6948806
499.7032774
500.1090464
498.9390376
498.3897144
497.4337923
496.663744
495.5244376
495.6414385
495.3468618
495.2912656
493.6540831
494.8199429
493.2964422
492.1712422
492.324754
491.4252579
491.7546859
490.8817432
489.8362035
489.3756681
489.3150932
488.1857443
487.6795703
487.3584402
486.7717762
487.1833538
485.8258117
485.9436424
483.9006909
485.020912
483.6666891
483.3596656
482.6501921
482.2079122
481.6469719
481.0271162
481.0022223
480.4163882
479.6048502
479.4936579
478.9244195
478.0357108
477.7154105
477.2316409
476.2740593
475.7089699
475.5264153
475.0932632
473.6095925
473.4635488
473.4884426
472.5516058
472.3682215
470.7235708
471.2139788
470.8447207
471.0629564
469.8215854
469.9452246
469.5087532
468.6416191
467.8085064
467.4143545
466.8932443
466.717328
465.2120827
465.4452547
464.7756114
464.6577807
463.5649427
463.5682619
462.7608729
462.366721
461.6522688
459.9354261
459.803489
459.9827244
459.441699
458.9180994
458.3903507
458.276669
457.5356635
456.2428453
455.9308429
454.9973253
455.2089226
454.584918
453.2340142
453.544357
453.3103552
452.1868149
452.0557075
451.2640846
450.4533764
449.3414531
449.7223283
449.5331354
448.6211924
447.6810364
447.6528234
446.5666238
446.2795153
445.8148309
445.4148705
445.1742304
444.1867762
443.5627715
442.6964671
441.8102477
442.1056542
441.1314767
440.8717513
440.43528
439.7266364
438.9242261
438.7167777
438.2189017
437.4289383
436.4680375
436.349377
435.7751599
435.4083912
434.9528346
434.2068503
433.9877848
433.1189911
432.6368811
431.8054281
431.2345302
430.7432924
430.5416526
429.8886052
429.2405365
428.5767017
428.390828
427.4515018
426.7893266
426.5370694
426.0176187
425.2185276
424.5405864
423.851028
424.1107534
423.4394505
422.8287225
422.2511862
421.802268
421.1707952
420.5011518
419.5278041
418.7702027
418.174411
417.8964302
416.9205931
416.6982084
415.8742235
415.442731
415.3049852
414.6179163
414.2287431
413.3259279
413.1483521
412.5143899
411.3958283
410.7834407
410.5710136
409.70139
409.0275978
408.2948901
407.9721005
407.6791834
406.7506445
407.0385829
405.8478292
405.1350367
404.6520969
403.9417937
403.7028132
402.8290407
402.100482
401.6573723
400.9437499
400.5512576
400.0492326
399.5787397
398.8974793
398.1199628
397.9440466
397.2528287
396.7283992
396.4056095
395.5285179
395.0555356
394.4614035
393.5419923
392.9669455
392.2997915
391.5056792
391.3372311
390.7663332
389.883433
389.4760044
388.5706997
388.3574428
387.6156075
387.2065193
386.8497081
386.0730215
385.2025681
384.7694159
383.9678355
383.3064901
383.0484243
382.278376
381.4817743
381.2494321
380.0785935
379.6960588
379.3940139
379.1351184
378.4837305
377.7153418
377.1618696
376.5030135
375.6267517
375.1222372
374.826001
374.1621662
373.0850943
372.9299229
372.037895
371.6678071
371.3881667
370.4820322
369.5327485
368.9618506
368.4830598
367.9470132
367.6001596
366.8707711
366.128106
365.7472308
365.1348432
364.3058796
363.6901728
363.1142962
362.4853127
361.7716904
361.2597078
360.4846807
360.0913586
359.3893534
358.6201348
358.2317915
357.3887213
356.9779736
356.3622668
355.6378572
355.0984914
354.5906578
354.1292927
353.5857779
352.6464518
352.1518949
351.4996772
350.8449702
350.1761566
349.6517272
349.2052983
348.5406337
347.8776288
347.2478155
346.5482997
346.0554024
345.5741221
344.8497125
344.4041134
343.5552347
343.1569338
342.4607371
342.0118189
341.3413457
340.8708529
340.0850385
339.379714
338.9722854
338.544112
337.8429365
336.9326531
336.5086287
335.9725821
335.306258
334.6266571
334.0582486
333.4798826
332.9214316
332.1381065
331.6369113
330.9813745
330.4785196
329.6478964
329.0155938
328.7069106
328.0289694
327.1709629
326.4565108
326.1328913
325.6292067
324.7380085
324.1795575
323.4725735
322.9174417
321.9582005
321.2030884
320.316869
319.4057558
318.5518983
317.6316574
316.6292669
315.6592383
314.7696998
314.0569072
313.5026052
312.7549613
312.0886371
311.3194186
310.4564334
309.995898
309.0491037
308.5313126
307.6948808
307.1754301
306.2809127
305.7208022
304.9690093
304.3508132
303.6139566
303.025633
302.3128404
301.6506653
300.8739786
300.1985267
299.7155869
298.9040489
298.3223637
297.5365493
296.8038417
296.2047308
295.6728332
294.8081884
294.1999498
293.4498166
292.9278765
292.2872759
291.6026963
290.8351374
290.2293882
289.6369156
289.0411239
288.550716
288.0022225
287.4753037
286.7757878
286.1219106
285.6721625
285.0323918
284.3826635
283.3777836
282.1115188
281.098341
280.2179301
279.1682414
278.4579382
277.655528
277.1667796
276.4083484